jails:
  inazek:
    world: 67647754-5ee1-45ed-bfeb-cd4d7ab38e56
    world-name: world
    x: 200.94316847146467
    y: 19.231469807902325
    z: -697.1261165231264
    yaw: -265.8485107421875
    pitch: 28.835586547851562
